128 0 18
4.684928 8.480795 12.833438 22.053382 85.558991 41.393889 122.874895 24.149413 41.226291 0.947203 1.402696 1.379942 0.059921 1.599407 1.717828 0.939939 1.792316 1.671427 0 0 0
4.158518 8.474653 10.845598 67.788249 91.455072 7.378768 70.103712 23.550703 59.076940 1.284525 1.961338 1.760090 1.294309 1.613747 1.539080 0.172067 0.522131 1.785941 0 1 0
3.540703 8.870082 12.668294 64.169956 86.341910 3.838082 146.253366 18.040947 50.814638 1.849125 0.103290 0.572898 0.713694 1.178635 0.737608 1.955056 0.432457 1.745522 0 2 0
2.525661 8.326482 10.100816 55.793034 97.649538 31.967687 356.898731 18.496191 50.944742 0.794978 0.914816 1.149723 0.401653 0.391049 1.231805 0.635219 0.222334 0.832900 0 3 0
5.296080 8.316282 11.812211 16.884592 95.669724 31.906847 214.751462 16.924681 68.234377 0.748989 1.509466 1.421684 0.283938 1.771896 1.427169 0.967821 0.909582 0.442647 0 4 0
4.737940 7.072076 11.229951 46.827835 82.504041 14.778271 271.224772 27.198267 66.702600 1.950037 1.025091 0.715837 1.930758 1.767174 1.267023 1.808124 1.506122 0.805754 0 5 0
2.541134 7.335086 11.417236 45.911481 94.578434 10.371550 276.781159 41.219322 83.652989 0.987917 0.320368 0.593569 1.305374 0.201536 0.733100 1.674662 0.349706 0.925039 0 6 0
5.798159 9.709881 12.783436 77.308626 92.015656 29.200966 132.082770 42.701717 69.564629 0.151915 1.345603 1.493749 0.904003 1.341876 1.333244 1.469217 1.846389 1.245880 0 7 0
2.552786 6.217756 12.695933 70.371222 88.191904 5.849679 259.900764 17.921705 32.936601 1.249785 1.926413 0.115198 1.809759 0.361436 0.240343 1.847133 1.128838 1.627505 0 8 0
4.495318 6.280037 11.704031 71.471936 90.813808 1.265025 104.601447 39.948816 51.441171 0.680103 0.940353 0.848943 1.627004 0.956685 0.477543 0.603092 1.803309 1.911405 0 9 0
2.776587 6.608053 13.157792 62.537091 85.581480 27.956339 171.022460 42.051239 33.039488 1.662008 0.540582 0.315568 1.973965 1.575529 1.634395 1.816113 1.330844 0.169290 0 10 0
5.349376 7.612855 10.884088 21.444119 97.611865 41.798791 252.837642 29.423578 59.464526 0.592450 1.124981 0.928332 0.263759 1.109646 1.286956 0.929149 0.980674 0.093257 0 11 0
4.893476 8.929505 11.424103 48.368085 89.906580 14.919863 199.761538 37.385656 64.806630 0.670189 0.718687 1.313754 0.815173 0.408930 1.685359 1.368341 0.356583 0.821648 0 12 0
2.766523 9.284232 11.575073 18.877269 96.909327 22.944152 206.362788 28.268844 43.384433 0.487431 0.655970 0.873210 0.085981 1.450414 0.242674 1.290383 1.409445 0.421975 0 13 0
4.705717 8.989950 14.513509 71.788841 80.826652 37.692990 258.851447 16.391347 52.059590 0.507084 0.961684 1.541299 0.969662 0.512945 0.918258 1.106111 0.872874 1.966054 0 14 0
4.302746 8.134532 13.848600 75.967706 82.244364 24.945032 217.942813 24.215585 84.794140 0.424425 0.030069 0.804375 0.393975 0.303791 1.157392 0.501392 1.490377 1.651462 0 15 0
4.865588 7.000158 12.372364 27.468633 86.184210 33.517023 29.422250 22.652297 79.956589 1.931928 0.990046 1.959003 1.962761 1.784674 1.200546 0.409862 0.526782 0.992093 0 16 0
5.018828 8.571158 11.558450 25.666599 80.248444 11.685529 58.410364 32.868392 83.048501 0.312919 1.199132 1.184408 1.480017 1.485736 1.341701 1.359022 1.766543 0.072512 0 17 0
5.770749 8.725788 10.029122 41.894758 88.870651 41.694173 326.430604 41.195523 95.614070 0.936921 0.867240 1.952206 0.767872 1.347917 1.619081 1.326254 1.507289 0.267127 0 18 0
4.227089 7.867804 13.318724 64.655072 81.181320 9.472626 9.216449 18.565288 97.467980 1.195396 0.206929 0.540859 1.555259 1.156101 0.964529 0.175344 0.777829 1.135570 0 19 0
4.281135 7.175828 12.518761 42.651083 98.053580 10.598328 107.650668 37.380526 84.878700 1.680558 0.514307 1.947376 1.090413 0.522697 0.229121 1.342283 0.497239 1.101506 0 20 0
4.279665 6.080535 10.497084 48.485835 83.438836 40.365572 31.443835 15.703116 45.938023 0.767314 0.367521 0.730429 0.906684 0.582975 1.985159 1.465257 0.098605 0.316198 0 21 0
3.605622 7.307261 13.980838 53.837223 92.377735 5.499866 313.869748 15.916669 82.693506 1.170673 0.544603 0.197453 0.332993 0.235559 1.187583 0.991794 0.114641 1.753938 0 22 0
3.543493 8.369904 13.241882 78.128556 91.375283 39.960785 355.796260 20.339773 96.731794 1.937379 0.889412 1.252454 1.967185 1.492335 1.956255 0.155606 0.558286 0.037072 0 23 0
2.907260 9.449200 11.552836 31.600279 98.272354 40.576157 343.731271 26.015578 46.676674 0.623018 0.657322 0.076433 1.141964 1.202415 1.238460 1.498156 1.291228 0.473660 0 24 0
2.773985 9.859532 12.001980 30.825831 85.798216 9.646624 165.493627 24.518339 66.694538 0.499791 1.471769 0.675925 0.900829 0.192384 1.250914 1.006365 0.430395 0.897074 0 25 0
3.840464 8.836186 13.719422 46.417481 91.886222 4.694182 230.950674 37.564236 42.011869 1.184660 0.117087 0.778874 1.750166 0.942174 0.962845 0.640915 1.781050 1.142472 0 26 0
4.476063 8.147534 11.757292 69.640605 95.043015 12.333384 163.570723 33.291244 78.687133 0.366210 1.930920 1.404823 1.814894 0.474626 1.080526 1.755195 1.043032 0.912401 0 27 0
4.131854 8.668988 10.139000 61.448258 83.817216 13.540650 66.285738 17.875899 97.439115 0.337313 1.827566 0.242595 0.869502 1.285843 1.258624 0.231343 1.142693 1.324946 0 28 0
2.578450 7.753104 13.421897 24.714393 93.967517 24.614641 215.981173 41.259252 36.221005 0.118845 1.835544 0.929869 0.054359 0.014787 1.678905 0.004184 0.462899 1.839376 0 29 0
4.030353 9.933232 12.043193 68.367509 91.455121 16.981035 46.029187 28.366406 70.658319 0.067228 1.048965 1.139024 1.909845 1.846684 1.450865 0.009498 0.011416 1.304901 0 30 0
5.208296 7.724060 14.290379 31.059845 83.608830 8.988172 25.553616 22.703370 80.821378 1.758704 1.322218 1.840430 0.113599 0.768560 1.772850 0.032349 1.442687 0.847382 0 31 0
3.376316 6.805584 14.624744 15.263367 93.273057 43.882677 171.234163 40.207870 54.655300 1.369838 0.437587 1.173045 1.973687 0.008105 0.685072 0.482477 1.594337 0.107498 0 32 0
4.213968 7.012384 14.418288 46.572480 92.184198 11.607556 231.356442 32.419472 88.094467 1.827143 0.520387 0.418902 1.570737 0.853851 1.887174 1.791595 1.160743 1.298366 0 33 0
4.380848 7.430346 11.317757 35.613063 84.501923 30.956321 223.177438 15.393732 53.893139 1.194721 0.482274 0.001668 0.971109 0.744145 0.909435 1.790164 0.311351 0.487297 0 34 0
3.332590 8.766440 11.921186 57.897214 82.399342 2.185713 145.742794 20.226211 32.479172 0.998427 0.534496 1.113408 1.825348 0.337621 0.996879 1.360443 1.041537 1.652838 0 35 0
3.984599 6.285134 12.094603 47.985973 96.630946 32.560783 133.474580 42.941223 49.759171 0.156521 1.915197 1.648397 0.795637 0.170887 0.053380 0.722199 1.001462 1.592705 0 36 0
5.836367 8.175764 13.071089 74.248283 86.439010 7.953445 197.329315 27.085696 76.936213 1.730872 0.814652 0.866305 0.169057 1.938047 0.800299 1.403385 1.401020 1.578878 0 37 0
3.712316 7.964181 14.310279 43.925455 93.782178 20.169758 147.018171 15.360506 63.618017 0.648549 1.777322 1.219202 1.683100 1.575457 0.858312 0.660705 1.659623 0.467216 0 38 0
3.731196 6.784690 12.007523 70.319933 95.078114 19.501129 219.689718 27.851788 96.537425 0.610911 1.505345 0.730220 1.366527 1.179028 1.610710 1.809978 1.244042 0.239173 0 39 0
2.899676 9.245673 14.812384 39.658199 93.003642 23.798580 91.715788 39.704183 53.010503 0.087186 1.672419 1.409072 1.433767 1.002977 0.269184 0.661370 0.210403 1.969594 0 40 0
5.048266 8.174917 13.871597 51.993883 88.074573 40.099330 8.615637 32.059265 41.203741 0.145406 1.410690 0.775858 1.152935 0.292913 1.122371 0.043613 1.339570 1.051616 0 41 0
3.499583 8.591749 10.988321 67.614692 80.569934 35.799979 19.528650 15.115002 43.392675 0.357772 0.654167 1.149004 1.310016 1.803024 0.065271 1.815868 0.215168 1.121936 0 42 0
4.702714 8.576866 14.239885 34.742699 88.628049 30.590992 157.629286 28.824197 40.309700 1.501779 0.376361 1.613560 1.201227 1.988820 0.578702 0.973561 1.957622 0.572811 0 43 0
4.645646 8.135367 12.767007 67.725801 98.735172 31.917087 186.193401 39.921012 34.982683 0.878240 1.121847 1.737136 0.231168 0.128962 1.364457 0.197571 0.908938 0.640745 0 44 0
2.343504 9.340701 14.170553 76.931370 90.437765 4.748177 51.960576 42.995973 66.101230 1.142970 0.891672 1.321837 1.672359 1.949339 1.040182 0.534829 1.269933 0.683574 0 45 0
3.843014 6.678411 11.846766 28.612887 90.675218 35.371971 76.355700 29.062209 59.149166 1.578609 1.170244 1.910864 0.883601 0.810386 0.302778 0.347755 1.737492 0.567555 0 46 0
2.448980 6.377705 14.782715 42.758344 92.727434 6.351881 168.580064 42.057435 74.906976 1.566276 1.694599 1.890132 0.584761 0.980367 1.308434 0.679263 1.451175 1.134980 0 47 0
4.965663 7.764311 12.241446 29.902200 84.317546 2.299417 84.731459 15.515832 62.924642 0.326984 0.824236 1.066683 0.963931 0.626606 1.251616 1.709761 0.187069 0.869138 0 48 0
5.808767 7.831513 13.642775 79.368820 98.970437 27.133347 151.981229 36.003513 48.975170 0.074284 1.159220 0.910823 1.232022 1.541150 1.808280 0.250167 1.681821 0.447773 0 49 0
4.871609 6.562241 11.671042 77.274379 87.980670 36.426399 321.884498 28.932543 36.971928 0.511700 1.419704 1.770148 0.798079 0.424495 0.726679 1.493939 1.646545 1.781127 0 50 0
5.963006 6.579183 13.915368 35.874298 96.622379 23.746374 202.323048 26.350933 81.920442 0.356321 0.706103 1.948672 1.703227 1.879329 0.464657 0.914662 1.416676 0.883376 0 51 0
2.922975 7.737741 12.059563 54.577854 88.432925 8.153252 3.781867 42.885264 34.199990 1.491548 1.657746 1.899692 1.758059 1.155401 1.159832 1.018062 1.200076 0.962505 0 52 0
4.945311 6.979349 10.104043 50.171241 80.614134 38.446508 210.087199 35.571507 59.669195 0.845016 0.755273 0.307964 0.337560 0.175348 0.846096 0.687562 0.970100 0.988852 0 53 0
5.348272 7.877700 13.020877 61.477801 92.694072 22.905825 54.442373 38.917498 42.466005 0.109925 1.302891 1.346484 1.366008 0.442546 1.097396 0.008752 0.407929 0.432446 0 54 0
3.909403 9.926464 13.626185 15.756543 98.074020 10.146444 280.602657 31.347051 64.368157 1.571238 0.598272 1.622753 0.449175 0.479377 1.996880 0.223366 0.361622 0.359849 0 55 0
4.354324 9.139917 12.432267 67.032578 93.313592 3.779453 183.681350 36.378584 38.879471 0.373678 1.518431 1.790594 0.772371 1.203221 0.463351 0.093183 1.491762 0.277478 0 56 0
5.336995 8.146456 14.571625 36.267560 81.614503 38.696713 224.392162 42.082093 71.857113 1.339199 0.666382 1.409790 0.821501 1.350961 1.268332 0.566035 1.801898 1.594850 0 57 0
5.141916 9.925444 11.126004 19.155382 83.496916 6.253317 9.595096 40.238069 30.327629 0.444023 1.989828 0.365318 1.869534 0.890949 1.245822 0.711972 1.001538 0.529082 0 58 0
4.264498 8.252816 10.934346 65.449351 93.653120 15.993460 185.266688 23.766622 35.361091 1.280934 0.088824 0.323641 0.880068 1.066877 1.814489 0.837744 0.672940 0.792292 0 59 0
2.272043 6.404353 14.122263 31.764066 86.454872 7.473160 167.410521 23.537776 39.373396 0.277264 1.493202 1.211627 0.007096 1.624972 0.449456 0.930112 1.514339 1.984019 0 60 0
3.379085 9.908125 13.796759 25.281969 89.739758 11.915060 205.121258 25.459618 48.355535 1.555580 1.145901 1.997617 0.853628 1.157499 1.373342 0.107190 1.518633 0.761877 0 61 0
5.750620 8.104043 11.323743 36.196023 86.221311 12.824386 226.506781 23.694241 77.760653 0.370213 0.789425 0.249752 1.870045 0.652265 1.180193 1.630524 0.616536 0.417659 0 62 0
4.284134 8.102258 10.316756 42.336954 87.567862 21.898198 49.372520 39.987912 32.895212 0.495337 0.612633 1.981643 0.025374 1.508996 1.553061 1.876055 1.718401 0.806553 0 63 0
5.143185 8.497470 12.975762 69.082786 95.527620 16.976697 187.622100 34.801048 56.738751 1.173744 1.690613 0.722369 1.232588 0.836575 0.224169 0.893266 0.172401 1.251339 0 64 0
3.395605 7.724838 14.615545 27.216430 90.575025 21.631102 339.548412 30.766002 63.837426 0.759220 0.349295 0.120042 1.915841 0.001642 1.530228 0.010776 0.131345 0.437173 0 65 0
3.204554 8.173230 11.638086 56.771276 80.608411 42.193687 255.785698 16.663746 81.349129 1.683483 0.036528 0.992669 0.080244 1.066588 1.036890 0.072599 0.412813 1.686402 0 66 0
2.792934 9.998848 14.500960 23.442384 83.342414 2.003496 87.534887 19.501147 92.564972 1.961523 1.523748 0.750139 1.139748 0.848582 1.197803 1.059096 1.189453 1.694192 0 67 0
3.931055 6.859142 11.729863 37.741612 89.117229 31.571549 191.625231 21.262018 50.981244 1.626191 0.971484 1.040695 0.979883 1.279584 0.416601 1.295350 1.821950 1.299688 0 68 0
2.211265 6.739642 11.364128 70.080832 90.920626 35.933862 44.964509 26.733906 32.225321 1.249471 0.150063 1.129983 0.109503 0.690802 1.133916 1.541360 1.461908 1.387400 0 69 0
4.446964 9.997265 11.600920 26.517098 98.091214 29.293360 327.126977 22.375693 73.900619 1.442131 0.321831 0.454243 0.956173 1.147105 0.697249 0.459938 1.198823 1.578348 0 70 0
2.839577 7.656682 12.050152 68.019092 98.014452 31.506414 175.976108 18.175090 91.819720 0.900000 0.208404 0.584628 0.743944 1.860449 1.964814 0.590996 1.539778 0.074554 0 71 0
3.366571 6.985035 12.395951 49.767918 86.665080 43.439677 82.370273 33.402975 86.295578 1.107112 0.690512 0.348700 0.794568 1.086184 1.618336 0.989794 0.071465 0.608121 0 72 0
4.607279 7.934244 10.284725 17.368306 87.407307 1.192029 227.581636 19.352877 93.337891 1.206799 1.388534 1.841165 0.063646 1.844841 0.838461 0.113879 0.789296 1.062828 0 73 0
3.685989 6.420872 13.948215 40.669321 98.402969 31.050380 147.389342 34.079642 95.616622 0.713646 0.915057 0.497461 1.332736 0.145232 1.324107 0.792857 1.198000 1.651641 0 74 0
2.438433 8.084817 12.612618 61.282530 84.089163 30.685950 16.862689 25.613916 49.648220 1.784222 1.795845 0.029891 1.851678 1.197556 0.788131 0.100662 1.836781 1.244664 0 75 0
4.123864 6.102030 13.442273 43.846584 96.706173 10.842371 59.273351 31.484281 91.747801 1.890679 0.241641 1.465980 0.527707 0.251267 0.582034 1.336674 1.960522 0.476549 0 76 0
3.078701 6.600037 13.310940 23.305418 95.245116 37.644667 5.620388 29.684192 64.095929 1.504742 0.003047 1.770912 0.425287 0.312248 1.132383 1.799022 1.979236 0.814423 0 77 0
5.229660 9.059115 13.387496 64.197053 93.139570 13.295731 42.506704 24.963063 52.725795 0.618926 1.569681 1.204429 0.904773 1.358944 1.315946 0.233903 0.710693 1.612742 0 78 0
2.418664 7.326515 11.435510 36.551752 96.275317 28.606611 343.572773 17.161938 64.277658 0.222485 0.257314 0.831516 0.649867 1.491883 0.020288 0.854905 1.618593 1.528032 0 79 0
2.406617 7.079423 11.452963 79.564219 92.183166 20.957844 47.952392 34.473157 93.401625 0.108324 1.694121 1.383991 0.322342 1.057754 0.103914 0.044633 1.632455 1.111077 0 80 0
4.924132 7.927860 12.864011 36.870421 97.545128 40.585421 340.106565 38.078163 73.763789 1.359621 1.002833 1.000555 1.438517 1.534711 1.485807 0.265103 0.507244 0.369635 0 81 0
5.960929 7.036504 11.227663 69.205779 91.200240 36.198718 339.836587 26.340081 36.432456 1.241303 0.047905 1.808742 1.146787 0.298631 1.233130 1.469891 1.425825 1.500339 0 82 0
5.327703 7.482331 13.751601 66.025193 84.035878 30.867356 31.536947 28.330548 78.612156 0.518906 1.099564 1.333777 0.581264 1.073647 0.526368 0.831187 0.437078 1.513561 0 83 0
3.908622 8.535024 11.926162 36.568118 83.272351 34.886709 322.616282 19.033761 45.326150 1.027328 0.112841 1.079005 1.151320 1.003247 0.227599 1.096369 1.471129 0.434831 0 84 0
2.936990 9.493009 14.315993 17.667503 98.894387 33.749999 107.120341 35.903221 90.309699 1.239458 1.064117 1.811726 1.456906 0.634045 0.777750 0.831304 0.029121 0.084060 0 85 0
5.879125 7.089497 11.288164 66.390692 80.295415 2.335163 357.186067 41.741823 85.687127 1.718801 0.667440 0.934348 1.367889 0.607978 0.119900 0.248352 1.396259 1.712223 0 86 0
5.886772 8.701737 11.937759 72.900121 89.211147 23.339606 281.230486 37.576009 68.712012 1.570304 1.587769 1.034040 0.272662 1.833803 1.236332 1.677386 0.667702 0.218296 0 87 0
2.194095 7.036642 13.390445 65.217853 88.781097 37.377470 92.956203 33.176634 44.295479 0.145236 1.275611 0.507563 0.272011 1.040602 0.932248 0.232864 0.837832 0.922203 0 88 0
2.830768 8.509618 13.581619 60.870916 94.824430 32.778360 34.395318 20.769139 96.013313 0.564873 0.665797 0.946238 0.384149 1.388063 1.502849 0.527834 1.209696 1.659950 0 89 0
3.028753 9.950512 11.161771 42.110858 93.444192 40.728730 220.832044 43.083578 48.877711 0.652497 0.947069 1.248841 0.014596 0.483115 1.327388 0.783304 0.264117 0.744328 0 90 0
5.671932 6.988142 13.915119 44.561859 98.416819 13.787301 79.768118 42.448564 74.628547 0.398347 1.473718 1.134572 0.058500 0.178648 1.417619 0.087955 1.880044 0.912846 0 91 0
3.250314 9.365908 13.066648 63.613089 82.769079 29.242124 318.933126 40.679292 56.301267 1.288641 1.431773 0.237101 0.785706 0.571915 1.805754 0.301574 0.022878 1.912613 0 92 0
5.019023 6.951230 13.887407 24.610118 88.492450 44.259806 263.256667 22.037300 64.931274 0.408557 1.128260 1.089248 0.000791 1.217018 1.360407 0.341804 0.389693 1.758866 0 93 0
5.656104 8.560429 13.593700 40.726085 85.585789 44.810075 175.366351 37.066450 62.069148 0.840805 0.015849 0.719258 0.062593 0.741457 1.437103 1.586536 1.207046 0.950572 0 94 0
2.494868 6.947301 10.113512 53.116758 80.582397 33.586145 29.363002 24.162583 95.360607 1.821429 1.558715 1.465850 1.968815 0.011623 1.439831 1.690269 0.588091 0.615892 0 95 0
4.297173 9.002732 10.881273 64.968085 81.607130 29.224919 161.837881 22.340863 32.247262 1.563071 0.490611 1.275778 1.624273 1.324892 0.354199 0.166411 1.817486 0.080623 0 96 0
2.484098 9.982011 13.134838 16.355526 81.291612 21.880868 137.916827 30.158968 62.751502 1.636266 0.678697 1.989805 1.910235 1.819841 0.244595 0.173267 0.352264 0.234621 0 97 0
3.578646 8.410484 10.459513 33.190907 98.100422 26.218996 281.147395 15.391059 74.886234 1.288982 1.851191 0.300996 1.379608 1.162367 1.190929 1.704464 0.273729 1.134136 0 98 0
4.383474 6.019280 13.456461 75.621953 80.877252 32.458421 128.659589 36.604302 80.587442 0.538304 1.086586 0.751142 1.982134 0.226274 1.625544 1.161929 1.537353 1.094275 0 99 0
3.895281 7.305143 11.748002 59.171571 96.217822 14.255320 224.420109 18.522390 75.380486 0.721434 0.584689 0.339370 1.733900 0.992529 1.561638 0.832402 1.215036 1.022408 0 100 0
4.206863 6.615718 11.423758 50.084206 90.223274 41.582598 38.114079 16.068062 60.924310 0.731093 0.738543 1.509861 1.425145 1.179482 0.383191 0.434117 1.944865 1.573979 0 101 0
2.521720 9.193384 11.575229 62.533898 92.174616 41.730226 138.528652 21.218293 29.538559 0.445064 0.623962 0.095560 0.295048 0.254967 0.452866 0.326921 0.286651 1.345220 0 102 0
3.113016 7.269295 12.238136 31.975323 94.372183 40.213989 62.635646 27.697996 71.158867 0.225596 1.940751 0.840362 1.088067 0.305647 0.916067 1.989255 1.836253 1.597705 0 103 0
3.976249 8.300643 13.675469 53.020036 91.740909 18.559166 218.739855 44.250563 64.136720 1.301649 0.322403 1.029401 1.985542 0.331481 1.089682 0.955492 1.166800 0.264320 0 104 0
4.993055 6.117194 12.232886 58.255808 93.698779 2.395614 99.983564 15.477976 71.753404 0.904095 1.013404 0.832294 0.115740 1.299221 0.413254 0.693225 1.618782 0.556388 0 105 0
3.571593 9.947334 12.355319 74.765546 84.554375 13.313962 357.860566 16.607041 93.828314 1.677935 0.454132 0.780419 1.278074 1.204158 0.159345 1.283078 1.312451 1.887293 0 106 0
4.914463 7.472892 14.459897 73.570667 91.103701 36.937280 288.391726 23.893205 38.087265 1.143868 1.910302 0.261892 1.260956 0.297216 1.528244 1.029106 1.202095 0.512261 0 107 0
2.625883 6.571614 11.432259 60.043183 80.334551 25.019990 229.690475 33.426316 91.138513 1.729834 1.225637 0.195531 0.413917 0.291424 1.094223 0.988050 1.045795 0.407476 0 108 0
5.520069 7.383821 10.466192 26.911276 81.992259 32.757940 253.892142 27.492551 49.362243 1.018205 1.663144 0.060400 0.954362 1.236905 0.535634 1.304397 0.067783 1.130378 0 109 0
4.913435 7.005617 13.147690 54.954232 90.306796 27.447724 232.526022 31.391234 45.261047 1.140167 1.718392 0.444339 1.604310 1.404059 0.959114 0.051023 0.834918 1.223315 0 110 0
4.287377 6.016110 14.171650 25.495961 89.746323 10.884317 225.706926 22.314956 35.987171 1.202022 0.893557 0.224264 1.815113 1.668782 0.538145 0.850687 0.367346 0.634387 0 111 0
5.282966 8.408747 12.204239 78.052175 98.259728 16.475444 258.873936 22.380917 42.081979 1.493592 0.842588 1.116525 0.771706 0.687217 1.037071 0.853197 0.513372 0.592988 0 112 0
5.041321 9.392005 11.067071 38.520331 81.838279 3.632417 74.747757 17.439334 73.121120 1.338671 0.839530 0.505808 0.016105 0.771658 1.556233 0.549431 1.078976 1.053069 0 113 0
2.667341 9.318243 13.919542 42.687375 84.756582 9.276589 256.970767 33.128462 40.596189 1.347717 0.701536 0.854126 1.182374 0.708838 0.800324 0.581356 0.212965 0.225343 0 114 0
4.770472 8.041399 10.621984 79.256644 80.854997 39.553031 110.737838 19.835708 71.546859 1.447376 0.823587 1.045300 0.793802 1.349598 0.399758 0.710897 1.279814 0.847192 0 115 0
5.473409 9.222824 10.914655 75.534501 92.800571 14.301724 233.679531 35.160830 87.184210 1.460651 0.832453 1.057988 1.082848 0.927579 0.083112 0.246173 0.836721 1.005683 0 116 0
3.423616 8.766436 13.176678 25.548472 86.659430 31.627181 192.010807 30.268808 85.227804 1.172088 0.201118 0.088703 1.533158 0.367659 1.600474 1.486786 1.453122 1.950561 0 117 0
3.905039 7.091112 10.843914 68.893614 80.778600 4.074296 62.828818 40.359861 33.328532 1.060523 0.846332 1.633802 0.314958 0.314059 0.091586 0.471474 1.765695 1.025396 0 118 0
2.073814 8.305247 14.561113 66.741272 91.615377 15.964339 106.673131 43.982034 70.692502 1.528843 0.328695 0.894522 1.038277 0.622312 1.791577 0.956251 1.130742 1.623416 0 119 0
4.281544 7.146638 13.644032 21.793679 97.947319 8.681881 288.024445 43.498807 72.736143 1.451327 1.937795 0.251346 1.888583 0.378471 0.699037 1.428508 0.371452 0.729843 0 120 0
3.056203 7.627526 11.868419 33.090208 83.618884 1.584412 111.289276 33.236345 72.679453 1.067430 1.649834 0.463694 0.750943 1.992186 0.578411 1.417035 0.408281 1.130818 0 121 0
5.824448 9.192023 11.243994 22.041916 86.110986 38.688232 43.819062 37.465856 80.683579 1.362517 0.131945 1.854817 0.085200 0.027408 1.245401 1.826065 0.898914 1.602402 0 122 0
2.152344 8.373605 12.861950 54.413438 90.234002 3.140690 268.529227 27.180881 79.619168 1.823208 0.681887 1.705332 1.389798 1.455140 1.881232 1.646362 1.457691 0.984548 0 123 0
2.467361 7.825198 12.884783 60.287675 85.111411 27.371850 320.259523 33.442342 41.116312 1.268959 1.192081 0.387404 1.202197 1.066329 0.907552 1.710879 0.901946 1.928710 0 124 0
2.658504 7.095065 12.327543 56.322437 85.121683 40.739286 328.991207 24.894144 45.855964 1.426311 1.480955 0.736629 1.496974 0.800196 0.081465 0.659507 0.249805 1.716968 0 125 0
4.578803 8.401779 10.290718 21.054808 89.305469 39.256725 26.102928 18.884815 91.739025 1.216482 0.198915 0.115945 1.287582 0.595849 1.406528 1.500643 0.072230 0.179516 0 126 0
5.601233 7.066378 12.727150 39.511740 86.513506 31.092976 340.583140 33.379511 54.814079 0.619593 0.446848 1.146667 0.096731 1.350025 1.108060 0.258424 1.594490 1.313089 0 127 0
