edigley@cariri:~/phd_uab/git-phd-workspace/two-stage-prediction$ cat wrapper_run_scenario_cloudcom_2022_2022-03-31_121147.log | grep "==" | tr -s ' ' | cut -d ' ' -f20-23 | sort -u -r -k1,1 | awk '{print $2" "$4" "$1}' | head -n 50
1830 52 0.373482
1830 53 0.370205
1830 52 0.366662
1830 70 0.361737
1830 56 0.358107
1830 61 0.357335
1830 59 0.356731
1830 62 0.356450
1830 58 0.354443
1830 55 0.352087
1830 44 0.352028
1830 46 0.350484
1830 52 0.349681
1830 45 0.348907
1800 56 0.343380
1830 41 0.338643
1830 42 0.337303
1830 20 0.332033
1830 22 0.331146
1830 23 0.330328
1830 26 0.330275
1830 19 0.329641
1830 43 0.328782
1830 23 0.327225
1830 59 0.326680
1710 38 0.325366
1680 46 0.317037
1830 17 0.316000
1830 18 0.314662
1830 43 0.313977
1830 44 0.313562
1830 36 0.311018
1770 65 0.310465
1830 40 0.306000
1830 67 0.305703
1830 39 0.305424
1710 49 0.294125
1830 43 0.289798
1830 32 0.288809
1830 43 0.288213
1830 31 0.285298
1710 73 0.276235
1770 65 0.276063
1830 13 0.273029
1830 41 0.264531
1620 54 0.250974
1440 71 0.240960
1830 33 0.237134
1470 84 0.236964
1830 33 0.234109
edigley@cariri:~/phd_uab/git-phd-workspace/two-stage-prediction$ 

