20 0 18
2.792934 8.146456 14.571625 36.267559 81.614502 38.696712 224.392166 42.082092 71.857117 1.339199 0.000000 0.000000 0.000000 0.000000 5.580000 38228.00 0.000000 0.000000  0  0  0
2.467361 7.825198 12.884783 60.287675 85.111411 27.371850 320.259523 33.442342 41.116312 1.268959 1.192081 0.387404 1.202197 1.066329 699.4300 463484.0 0.000000 0.000000  0  1  0
2.467361 7.825198 12.884783 36.267559 85.111412 27.371849 320.259521 33.442341 41.116310 1.268959 0.000000 0.000000 0.000000 0.000000 797.8400 463544.0 0.000000 0.000000  0  2  0
4.684928 8.480795 12.833438 22.053382 85.558991 41.393889 122.874895 24.149413 41.226291 0.947203 1.402696 1.379942 0.059921 1.599407 42.05000 80836.00 0.000000 0.000000  0  3  0
4.158518 8.474653 10.845598 67.788249 91.455072  7.378768  70.103712 23.550703 59.076940 1.284525 1.961338 1.760090 1.294309 1.613747 4.910000 28856.00 0.000000 0.000000  0  4  0
3.540703 8.870082 12.668294 64.169956 86.341910  3.838082 146.253366 18.040947 50.814638 1.849125 0.103290 0.572898 0.713694 1.178635 8.450000 31212.00 0.000000 0.000000  0  5  0
2.525661 8.326482 10.100816 55.793034 97.649538 31.967687 356.898731 18.496191 50.944742 0.794978 0.914816 1.149723 0.401653 0.391049 750.1100 443028.0 0.000000 0.000000  0  6  0
5.296080 8.316282 11.812211 16.884592 95.669724 31.906847 214.751462 16.924681 68.234377 0.748989 1.509466 1.421684 0.283938 1.771896 29.42000 70428.00 0.000000 0.000000  0  7  0
4.737940 7.072076 11.229951 46.827835 82.504041 14.778271 271.224772 27.198267 66.702600 1.950037 1.025091 0.715837 1.930758 1.767174 20.70000 62288.00 0.000000 0.000000  0  8  0
2.541134 7.335086 11.417236 45.911481 94.578434 10.371550 276.781159 41.219322 83.652989 0.987917 0.320368 0.593569 1.305374 0.201536 4.570000 28036.00 0.000000 0.000000  0  9  0
5.798159 9.709881 12.783436 77.308626 92.015656 29.200966 132.082770 42.701717 69.564629 0.151915 1.345603 1.493749 0.904003 1.341876 16.17000 40820.00 0.000000 0.000000  0 10  0
2.552786 6.217756 12.695933 70.371222 88.191904  5.849679 259.900764 17.921705 32.936601 1.249785 1.926413 0.115198 1.809759 0.361436 15.43000 39244.00 0.000000 0.000000  0 11  0
4.495318 6.280037 11.704031 71.471936 90.813808  1.265025 104.601447 39.948816 51.441171 0.680103 0.940353 0.848943 1.627004 0.956685 8.700000 31424.00 0.000000 0.000000  0 12  0
2.776587 6.608053 13.157792 62.537091 85.581480 27.956339 171.022460 42.051239 33.039488 1.662008 0.540582 0.315568 1.973965 1.575529 72.81000 110016.0 0.000000 0.000000  0 13  0
5.349376 7.612855 10.884088 21.444119 97.611865 41.798791 252.837642 29.423578 59.464526 0.592450 1.124981 0.928332 0.263759 1.109646 53.02000 98460.00 0.000000 0.000000  0 14  0
4.893476 8.929505 11.424103 48.368085 89.906580 14.919863 199.761538 37.385656 64.806630 0.670189 0.718687 1.313754 0.815173 0.408930 13.72000 39248.00 0.000000 0.000000  0 15  0
2.766523 9.284232 11.575073 18.877269 96.909327 22.944152 206.362788 28.268844 43.384433 0.487431 0.655970 0.873210 0.085981 1.450414 75.99000 105280.0 0.000000 0.000000  0 16  0
4.705717 8.989950 14.513509 71.788841 80.826652 37.692990 258.851447 16.391347 52.059590 0.507084 0.961684 1.541299 0.969662 0.512945 319.1800 242532.0 0.000000 0.000000  0 17  0
4.302746 8.134532 13.848600 75.967706 82.244364 24.945032 217.942813 24.215585 84.794140 0.424425 0.030069 0.804375 0.393975 0.303791 14.71000 54168.00 0.000000 0.000000  0 18  0
4.865588 7.000158 12.372364 27.468633 86.184210 33.517023  29.422250 22.652297 79.956589 1.931928 0.990046 1.959003 1.962761 1.784674 310.8500 150300.0 0.000000 0.000000  0 19  0
0        1        2         3         4         5         6          7         8         9        10       11       12       13       14       15       16       17       18 19 20
[---------------FMS------------------]          [------WND---------][---------WTR--_----][--Adjustment-------------------------------------------------------------------]
     0        1        2          3         4        5          6         7          8        9        10       11        12      13       14       15      16        17   18
    1h      10h      100h      herb                  ws        wd        th         hh